GDP_Per_Cap
17562.59208	
17671.15019	
18462.936	
18999.88839	
19824.58784	
20831.29977	
21930.59117	
22235.41571	
23071.20482	
23555.09328	
23207.21994	
23670.34573	
24649.84474	
25794.12817	
25421.36967	
25120.23085	
26223.37644	
27161.42669	
28362.7718	
28939.63994	
28589.67273	
29028.9015	
28235.08967	
29260.58618	
31107.55962	
32118.75943	
32925.22668	
33761.17884	
34853.48847	
35793.8965	
36059.30163	
35542.14111	
36287.32286	
36797.79765	
37813.75818	
38369.16184	
39356.0918	
40614.40561	
41942.70951	
43434.69267	
44726.9654	
44728.59748	
45087.36728	
45980.51458	
47287.59377	
48499.81238	
49405.7673	
49856.28149	
49319.47886	
47648.81325	
48467.51578	
48866.05328	
49603.25347	
50171.23713	
51028.8249	
52116.73881	
52555.51803	
53382.76482	
54659.19827	
55670.23571	


